  x
 66
 77
 26
 80
  2
  0
  0
  0
  0
  0
 54
  0
  0
  0
 40
  0
  0
  0
 20
  1
  0
  0
183
  0
  0
  0
  1
  0
 24
  0
  0
  0
  0
  0
228
 79
  2
  0
196
 14
  0
  0
196
 14
  0
  0
  0
  0
  0
  0
  x
 66
 77
 26
 80
  2
  0
  0
  0
  0
  0
 54
  0
  0
  0
 40
  0
  0
  0
 20
  1
  0
  0
183
  0
  0
  0
  1
  0
 24
  0
  0
  0
  0
  0
228
 79
  2
  0
196
 14
  0
  0
196
 14
  0
  0
  0
  0
  0
  0
  x
 66
 77
 26
 80
  2
  0
  0
  0
  0
  0
 54
  0
  0
  0
 40
  0
  0
  0
 20
  1
  0
  0
183
  0
  0
  0
  1
  0
 24
  0
  0
  0
  0
  0
228
 79
  2
  0
196
 14
  0
  0
196
 14
  0
  0
  0
  0
  0
  0
